
209
30323039000030303135303012280000

210
30323130000030303135303012280000
211
30323131000030303135303012280000
212
30323132000030303135303012280000
213
30323133000030303135303012280000
214
30323134000030303135303012280000
215
30323135000030303135303012280000
216
30323136000030303135303012280000

218
30323138000030303135303012280000
219
30323139000030303135303012280000

220
30323230000030303135303012280000
221
30323231000030303135303012280000
222
30323232000030303135303012280000

223
30323233000030303135303012280000

266
30323636000030303135303012280000